{
 "cells": [
  {
   "cell_type": "code",
   "execution_count": 36,
   "metadata": {},
   "outputs": [
    {
     "data": {
      "text/html": [
       "<div>\n",
       "<style scoped>\n",
       "    .dataframe tbody tr th:only-of-type {\n",
       "        vertical-align: middle;\n",
       "    }\n",
       "\n",
       "    .dataframe tbody tr th {\n",
       "        vertical-align: top;\n",
       "    }\n",
       "\n",
       "    .dataframe thead th {\n",
       "        text-align: right;\n",
       "    }\n",
       "</style>\n",
       "<table border=\"1\" class=\"dataframe\">\n",
       "  <thead>\n",
       "    <tr style=\"text-align: right;\">\n",
       "      <th></th>\n",
       "      <th>PM10</th>\n",
       "      <th>PM2.5</th>\n",
       "      <th>NOx</th>\n",
       "      <th>Tempreture</th>\n",
       "      <th>Humid</th>\n",
       "      <th>Wind Speed</th>\n",
       "      <th>Wind Direction Sin</th>\n",
       "      <th>Wind Direction COS</th>\n",
       "      <th>Pressure</th>\n",
       "      <th>RainFall</th>\n",
       "      <th>DAY</th>\n",
       "    </tr>\n",
       "  </thead>\n",
       "  <tbody>\n",
       "    <tr>\n",
       "      <th>0</th>\n",
       "      <td>133.916667</td>\n",
       "      <td>40.363636</td>\n",
       "      <td>10.434783</td>\n",
       "      <td>19.0</td>\n",
       "      <td>47.125</td>\n",
       "      <td>1.87500</td>\n",
       "      <td>-0.9397</td>\n",
       "      <td>-0.342020</td>\n",
       "      <td>1011.76</td>\n",
       "      <td>0.00</td>\n",
       "      <td>1</td>\n",
       "    </tr>\n",
       "    <tr>\n",
       "      <th>1</th>\n",
       "      <td>147.833333</td>\n",
       "      <td>41.541667</td>\n",
       "      <td>14.041667</td>\n",
       "      <td>20.7</td>\n",
       "      <td>45.000</td>\n",
       "      <td>2.62500</td>\n",
       "      <td>0.7660</td>\n",
       "      <td>-0.642788</td>\n",
       "      <td>1012.04</td>\n",
       "      <td>0.10</td>\n",
       "      <td>2</td>\n",
       "    </tr>\n",
       "    <tr>\n",
       "      <th>2</th>\n",
       "      <td>157.958333</td>\n",
       "      <td>43.416667</td>\n",
       "      <td>12.541667</td>\n",
       "      <td>19.9</td>\n",
       "      <td>54.375</td>\n",
       "      <td>5.42857</td>\n",
       "      <td>0.4999</td>\n",
       "      <td>-0.866025</td>\n",
       "      <td>1007.88</td>\n",
       "      <td>0.61</td>\n",
       "      <td>3</td>\n",
       "    </tr>\n",
       "    <tr>\n",
       "      <th>3</th>\n",
       "      <td>48.708333</td>\n",
       "      <td>38.291667</td>\n",
       "      <td>9.958333</td>\n",
       "      <td>16.6</td>\n",
       "      <td>91.250</td>\n",
       "      <td>2.87500</td>\n",
       "      <td>0.9397</td>\n",
       "      <td>-0.342020</td>\n",
       "      <td>1008.66</td>\n",
       "      <td>22.00</td>\n",
       "      <td>4</td>\n",
       "    </tr>\n",
       "    <tr>\n",
       "      <th>4</th>\n",
       "      <td>47.541667</td>\n",
       "      <td>23.681818</td>\n",
       "      <td>12.916667</td>\n",
       "      <td>18.9</td>\n",
       "      <td>70.125</td>\n",
       "      <td>1.87500</td>\n",
       "      <td>-0.5000</td>\n",
       "      <td>0.866025</td>\n",
       "      <td>1007.70</td>\n",
       "      <td>1.00</td>\n",
       "      <td>5</td>\n",
       "    </tr>\n",
       "  </tbody>\n",
       "</table>\n",
       "</div>"
      ],
      "text/plain": [
       "         PM10      PM2.5        NOx  Tempreture   Humid  Wind Speed  \\\n",
       "0  133.916667  40.363636  10.434783        19.0  47.125     1.87500   \n",
       "1  147.833333  41.541667  14.041667        20.7  45.000     2.62500   \n",
       "2  157.958333  43.416667  12.541667        19.9  54.375     5.42857   \n",
       "3   48.708333  38.291667   9.958333        16.6  91.250     2.87500   \n",
       "4   47.541667  23.681818  12.916667        18.9  70.125     1.87500   \n",
       "\n",
       "   Wind Direction Sin  Wind Direction COS  Pressure  RainFall  DAY  \n",
       "0             -0.9397           -0.342020   1011.76      0.00    1  \n",
       "1              0.7660           -0.642788   1012.04      0.10    2  \n",
       "2              0.4999           -0.866025   1007.88      0.61    3  \n",
       "3              0.9397           -0.342020   1008.66     22.00    4  \n",
       "4             -0.5000            0.866025   1007.70      1.00    5  "
      ]
     },
     "execution_count": 36,
     "metadata": {},
     "output_type": "execute_result"
    }
   ],
   "source": [
    "import pandas as pd\n",
    "data = pd.read_excel('All_pollutant_standard.xlsx')\n",
    "day = []\n",
    "for i in range(1,337):\n",
    "    day.append(i)\n",
    "data['DAY'] = day\n",
    "data.head()"
   ]
  },
  {
   "cell_type": "code",
   "execution_count": 38,
   "metadata": {},
   "outputs": [],
   "source": [
    "from sklearn.preprocessing import StandardScaler\n",
    "X1 = data[['PM10','PM2.5','NOx','Tempreture','Humid','Wind Speed','Wind Direction Sin','Wind Direction COS','Pressure','RainFall','DAY']]\n",
    "X1 = X1.values\n",
    "sc_X = StandardScaler()\n",
    "X1_1 = sc_X.fit_transform(X1)\n"
   ]
  },
  {
   "cell_type": "code",
   "execution_count": 39,
   "metadata": {},
   "outputs": [],
   "source": [
    "import numpy as np\n",
    "sin_file = np.array(X1_1)\n",
    "df = pd.DataFrame(sin_file,columns=['PM10','PM2.5','NOx','Tempreture','Humid','Wind Speed','Wind Direction Sin','Wind Direction COS','Pressure','RainFall','DAY'])"
   ]
  },
  {
   "cell_type": "code",
   "execution_count": 40,
   "metadata": {},
   "outputs": [
    {
     "data": {
      "text/html": [
       "<div>\n",
       "<style scoped>\n",
       "    .dataframe tbody tr th:only-of-type {\n",
       "        vertical-align: middle;\n",
       "    }\n",
       "\n",
       "    .dataframe tbody tr th {\n",
       "        vertical-align: top;\n",
       "    }\n",
       "\n",
       "    .dataframe thead th {\n",
       "        text-align: right;\n",
       "    }\n",
       "</style>\n",
       "<table border=\"1\" class=\"dataframe\">\n",
       "  <thead>\n",
       "    <tr style=\"text-align: right;\">\n",
       "      <th></th>\n",
       "      <th>PM10</th>\n",
       "      <th>PM2.5</th>\n",
       "      <th>NOx</th>\n",
       "      <th>Tempreture</th>\n",
       "      <th>Humid</th>\n",
       "      <th>Wind Speed</th>\n",
       "      <th>Wind Direction Sin</th>\n",
       "      <th>Wind Direction COS</th>\n",
       "      <th>Pressure</th>\n",
       "      <th>RainFall</th>\n",
       "      <th>DAY</th>\n",
       "    </tr>\n",
       "  </thead>\n",
       "  <tbody>\n",
       "    <tr>\n",
       "      <th>PM10</th>\n",
       "      <td>1.000000</td>\n",
       "      <td>0.483424</td>\n",
       "      <td>-0.031522</td>\n",
       "      <td>-0.103592</td>\n",
       "      <td>0.045909</td>\n",
       "      <td>0.188714</td>\n",
       "      <td>0.045841</td>\n",
       "      <td>-0.100196</td>\n",
       "      <td>0.046097</td>\n",
       "      <td>-0.042905</td>\n",
       "      <td>0.159676</td>\n",
       "    </tr>\n",
       "    <tr>\n",
       "      <th>PM2.5</th>\n",
       "      <td>0.483424</td>\n",
       "      <td>1.000000</td>\n",
       "      <td>0.053104</td>\n",
       "      <td>-0.182050</td>\n",
       "      <td>0.274224</td>\n",
       "      <td>0.003154</td>\n",
       "      <td>0.067541</td>\n",
       "      <td>-0.050086</td>\n",
       "      <td>0.147868</td>\n",
       "      <td>-0.000208</td>\n",
       "      <td>0.216968</td>\n",
       "    </tr>\n",
       "    <tr>\n",
       "      <th>NOx</th>\n",
       "      <td>-0.031522</td>\n",
       "      <td>0.053104</td>\n",
       "      <td>1.000000</td>\n",
       "      <td>-0.379744</td>\n",
       "      <td>0.381702</td>\n",
       "      <td>-0.375987</td>\n",
       "      <td>0.200456</td>\n",
       "      <td>0.031964</td>\n",
       "      <td>0.402350</td>\n",
       "      <td>0.041705</td>\n",
       "      <td>0.463732</td>\n",
       "    </tr>\n",
       "    <tr>\n",
       "      <th>Tempreture</th>\n",
       "      <td>-0.103592</td>\n",
       "      <td>-0.182050</td>\n",
       "      <td>-0.379744</td>\n",
       "      <td>1.000000</td>\n",
       "      <td>-0.706082</td>\n",
       "      <td>0.334735</td>\n",
       "      <td>-0.250434</td>\n",
       "      <td>-0.018894</td>\n",
       "      <td>-0.940851</td>\n",
       "      <td>-0.155816</td>\n",
       "      <td>-0.641603</td>\n",
       "    </tr>\n",
       "    <tr>\n",
       "      <th>Humid</th>\n",
       "      <td>0.045909</td>\n",
       "      <td>0.274224</td>\n",
       "      <td>0.381702</td>\n",
       "      <td>-0.706082</td>\n",
       "      <td>1.000000</td>\n",
       "      <td>-0.313394</td>\n",
       "      <td>0.221364</td>\n",
       "      <td>-0.048924</td>\n",
       "      <td>0.641898</td>\n",
       "      <td>0.315736</td>\n",
       "      <td>0.576209</td>\n",
       "    </tr>\n",
       "    <tr>\n",
       "      <th>Wind Speed</th>\n",
       "      <td>0.188714</td>\n",
       "      <td>0.003154</td>\n",
       "      <td>-0.375987</td>\n",
       "      <td>0.334735</td>\n",
       "      <td>-0.313394</td>\n",
       "      <td>1.000000</td>\n",
       "      <td>-0.108162</td>\n",
       "      <td>-0.039193</td>\n",
       "      <td>-0.365425</td>\n",
       "      <td>0.057811</td>\n",
       "      <td>-0.344946</td>\n",
       "    </tr>\n",
       "    <tr>\n",
       "      <th>Wind Direction Sin</th>\n",
       "      <td>0.045841</td>\n",
       "      <td>0.067541</td>\n",
       "      <td>0.200456</td>\n",
       "      <td>-0.250434</td>\n",
       "      <td>0.221364</td>\n",
       "      <td>-0.108162</td>\n",
       "      <td>1.000000</td>\n",
       "      <td>-0.280933</td>\n",
       "      <td>0.237603</td>\n",
       "      <td>0.130063</td>\n",
       "      <td>0.132589</td>\n",
       "    </tr>\n",
       "    <tr>\n",
       "      <th>Wind Direction COS</th>\n",
       "      <td>-0.100196</td>\n",
       "      <td>-0.050086</td>\n",
       "      <td>0.031964</td>\n",
       "      <td>-0.018894</td>\n",
       "      <td>-0.048924</td>\n",
       "      <td>-0.039193</td>\n",
       "      <td>-0.280933</td>\n",
       "      <td>1.000000</td>\n",
       "      <td>0.092631</td>\n",
       "      <td>-0.092220</td>\n",
       "      <td>0.001379</td>\n",
       "    </tr>\n",
       "    <tr>\n",
       "      <th>Pressure</th>\n",
       "      <td>0.046097</td>\n",
       "      <td>0.147868</td>\n",
       "      <td>0.402350</td>\n",
       "      <td>-0.940851</td>\n",
       "      <td>0.641898</td>\n",
       "      <td>-0.365425</td>\n",
       "      <td>0.237603</td>\n",
       "      <td>0.092631</td>\n",
       "      <td>1.000000</td>\n",
       "      <td>0.113363</td>\n",
       "      <td>0.558469</td>\n",
       "    </tr>\n",
       "    <tr>\n",
       "      <th>RainFall</th>\n",
       "      <td>-0.042905</td>\n",
       "      <td>-0.000208</td>\n",
       "      <td>0.041705</td>\n",
       "      <td>-0.155816</td>\n",
       "      <td>0.315736</td>\n",
       "      <td>0.057811</td>\n",
       "      <td>0.130063</td>\n",
       "      <td>-0.092220</td>\n",
       "      <td>0.113363</td>\n",
       "      <td>1.000000</td>\n",
       "      <td>0.079958</td>\n",
       "    </tr>\n",
       "    <tr>\n",
       "      <th>DAY</th>\n",
       "      <td>0.159676</td>\n",
       "      <td>0.216968</td>\n",
       "      <td>0.463732</td>\n",
       "      <td>-0.641603</td>\n",
       "      <td>0.576209</td>\n",
       "      <td>-0.344946</td>\n",
       "      <td>0.132589</td>\n",
       "      <td>0.001379</td>\n",
       "      <td>0.558469</td>\n",
       "      <td>0.079958</td>\n",
       "      <td>1.000000</td>\n",
       "    </tr>\n",
       "  </tbody>\n",
       "</table>\n",
       "</div>"
      ],
      "text/plain": [
       "                        PM10     PM2.5       NOx  Tempreture     Humid  \\\n",
       "PM10                1.000000  0.483424 -0.031522   -0.103592  0.045909   \n",
       "PM2.5               0.483424  1.000000  0.053104   -0.182050  0.274224   \n",
       "NOx                -0.031522  0.053104  1.000000   -0.379744  0.381702   \n",
       "Tempreture         -0.103592 -0.182050 -0.379744    1.000000 -0.706082   \n",
       "Humid               0.045909  0.274224  0.381702   -0.706082  1.000000   \n",
       "Wind Speed          0.188714  0.003154 -0.375987    0.334735 -0.313394   \n",
       "Wind Direction Sin  0.045841  0.067541  0.200456   -0.250434  0.221364   \n",
       "Wind Direction COS -0.100196 -0.050086  0.031964   -0.018894 -0.048924   \n",
       "Pressure            0.046097  0.147868  0.402350   -0.940851  0.641898   \n",
       "RainFall           -0.042905 -0.000208  0.041705   -0.155816  0.315736   \n",
       "DAY                 0.159676  0.216968  0.463732   -0.641603  0.576209   \n",
       "\n",
       "                    Wind Speed  Wind Direction Sin  Wind Direction COS  \\\n",
       "PM10                  0.188714            0.045841           -0.100196   \n",
       "PM2.5                 0.003154            0.067541           -0.050086   \n",
       "NOx                  -0.375987            0.200456            0.031964   \n",
       "Tempreture            0.334735           -0.250434           -0.018894   \n",
       "Humid                -0.313394            0.221364           -0.048924   \n",
       "Wind Speed            1.000000           -0.108162           -0.039193   \n",
       "Wind Direction Sin   -0.108162            1.000000           -0.280933   \n",
       "Wind Direction COS   -0.039193           -0.280933            1.000000   \n",
       "Pressure             -0.365425            0.237603            0.092631   \n",
       "RainFall              0.057811            0.130063           -0.092220   \n",
       "DAY                  -0.344946            0.132589            0.001379   \n",
       "\n",
       "                    Pressure  RainFall       DAY  \n",
       "PM10                0.046097 -0.042905  0.159676  \n",
       "PM2.5               0.147868 -0.000208  0.216968  \n",
       "NOx                 0.402350  0.041705  0.463732  \n",
       "Tempreture         -0.940851 -0.155816 -0.641603  \n",
       "Humid               0.641898  0.315736  0.576209  \n",
       "Wind Speed         -0.365425  0.057811 -0.344946  \n",
       "Wind Direction Sin  0.237603  0.130063  0.132589  \n",
       "Wind Direction COS  0.092631 -0.092220  0.001379  \n",
       "Pressure            1.000000  0.113363  0.558469  \n",
       "RainFall            0.113363  1.000000  0.079958  \n",
       "DAY                 0.558469  0.079958  1.000000  "
      ]
     },
     "execution_count": 40,
     "metadata": {},
     "output_type": "execute_result"
    }
   ],
   "source": [
    "df.corr(method='pearson')"
   ]
  },
  {
   "cell_type": "code",
   "execution_count": 41,
   "metadata": {},
   "outputs": [
    {
     "data": {
      "text/html": [
       "<div>\n",
       "<style scoped>\n",
       "    .dataframe tbody tr th:only-of-type {\n",
       "        vertical-align: middle;\n",
       "    }\n",
       "\n",
       "    .dataframe tbody tr th {\n",
       "        vertical-align: top;\n",
       "    }\n",
       "\n",
       "    .dataframe thead th {\n",
       "        text-align: right;\n",
       "    }\n",
       "</style>\n",
       "<table border=\"1\" class=\"dataframe\">\n",
       "  <thead>\n",
       "    <tr style=\"text-align: right;\">\n",
       "      <th></th>\n",
       "      <th>PM10</th>\n",
       "      <th>PM2.5</th>\n",
       "      <th>NOx</th>\n",
       "      <th>Tempreture</th>\n",
       "      <th>Humid</th>\n",
       "      <th>Wind Speed</th>\n",
       "      <th>Wind Direction Sin</th>\n",
       "      <th>Wind Direction COS</th>\n",
       "      <th>Pressure</th>\n",
       "      <th>RainFall</th>\n",
       "      <th>DAY</th>\n",
       "    </tr>\n",
       "  </thead>\n",
       "  <tbody>\n",
       "    <tr>\n",
       "      <th>PM10</th>\n",
       "      <td>1.000000</td>\n",
       "      <td>0.669144</td>\n",
       "      <td>0.034669</td>\n",
       "      <td>0.100145</td>\n",
       "      <td>-0.012992</td>\n",
       "      <td>0.097991</td>\n",
       "      <td>0.045715</td>\n",
       "      <td>-0.129581</td>\n",
       "      <td>-0.127648</td>\n",
       "      <td>0.065641</td>\n",
       "      <td>0.037699</td>\n",
       "    </tr>\n",
       "    <tr>\n",
       "      <th>PM2.5</th>\n",
       "      <td>0.669144</td>\n",
       "      <td>1.000000</td>\n",
       "      <td>0.145682</td>\n",
       "      <td>0.062490</td>\n",
       "      <td>0.214355</td>\n",
       "      <td>-0.067703</td>\n",
       "      <td>0.044125</td>\n",
       "      <td>-0.140938</td>\n",
       "      <td>-0.070051</td>\n",
       "      <td>0.077650</td>\n",
       "      <td>0.133094</td>\n",
       "    </tr>\n",
       "    <tr>\n",
       "      <th>NOx</th>\n",
       "      <td>0.034669</td>\n",
       "      <td>0.145682</td>\n",
       "      <td>1.000000</td>\n",
       "      <td>-0.425972</td>\n",
       "      <td>0.476535</td>\n",
       "      <td>-0.545342</td>\n",
       "      <td>0.283055</td>\n",
       "      <td>0.002157</td>\n",
       "      <td>0.454324</td>\n",
       "      <td>0.031076</td>\n",
       "      <td>0.606386</td>\n",
       "    </tr>\n",
       "    <tr>\n",
       "      <th>Tempreture</th>\n",
       "      <td>0.100145</td>\n",
       "      <td>0.062490</td>\n",
       "      <td>-0.425972</td>\n",
       "      <td>1.000000</td>\n",
       "      <td>-0.665231</td>\n",
       "      <td>0.380783</td>\n",
       "      <td>-0.250068</td>\n",
       "      <td>-0.047656</td>\n",
       "      <td>-0.947745</td>\n",
       "      <td>-0.271083</td>\n",
       "      <td>-0.611669</td>\n",
       "    </tr>\n",
       "    <tr>\n",
       "      <th>Humid</th>\n",
       "      <td>-0.012992</td>\n",
       "      <td>0.214355</td>\n",
       "      <td>0.476535</td>\n",
       "      <td>-0.665231</td>\n",
       "      <td>1.000000</td>\n",
       "      <td>-0.343022</td>\n",
       "      <td>0.237433</td>\n",
       "      <td>-0.070909</td>\n",
       "      <td>0.659342</td>\n",
       "      <td>0.317388</td>\n",
       "      <td>0.610474</td>\n",
       "    </tr>\n",
       "    <tr>\n",
       "      <th>Wind Speed</th>\n",
       "      <td>0.097991</td>\n",
       "      <td>-0.067703</td>\n",
       "      <td>-0.545342</td>\n",
       "      <td>0.380783</td>\n",
       "      <td>-0.343022</td>\n",
       "      <td>1.000000</td>\n",
       "      <td>-0.129674</td>\n",
       "      <td>-0.105281</td>\n",
       "      <td>-0.401962</td>\n",
       "      <td>0.196727</td>\n",
       "      <td>-0.359229</td>\n",
       "    </tr>\n",
       "    <tr>\n",
       "      <th>Wind Direction Sin</th>\n",
       "      <td>0.045715</td>\n",
       "      <td>0.044125</td>\n",
       "      <td>0.283055</td>\n",
       "      <td>-0.250068</td>\n",
       "      <td>0.237433</td>\n",
       "      <td>-0.129674</td>\n",
       "      <td>1.000000</td>\n",
       "      <td>-0.106147</td>\n",
       "      <td>0.228468</td>\n",
       "      <td>0.216211</td>\n",
       "      <td>0.142311</td>\n",
       "    </tr>\n",
       "    <tr>\n",
       "      <th>Wind Direction COS</th>\n",
       "      <td>-0.129581</td>\n",
       "      <td>-0.140938</td>\n",
       "      <td>0.002157</td>\n",
       "      <td>-0.047656</td>\n",
       "      <td>-0.070909</td>\n",
       "      <td>-0.105281</td>\n",
       "      <td>-0.106147</td>\n",
       "      <td>1.000000</td>\n",
       "      <td>0.122956</td>\n",
       "      <td>-0.167884</td>\n",
       "      <td>0.026514</td>\n",
       "    </tr>\n",
       "    <tr>\n",
       "      <th>Pressure</th>\n",
       "      <td>-0.127648</td>\n",
       "      <td>-0.070051</td>\n",
       "      <td>0.454324</td>\n",
       "      <td>-0.947745</td>\n",
       "      <td>0.659342</td>\n",
       "      <td>-0.401962</td>\n",
       "      <td>0.228468</td>\n",
       "      <td>0.122956</td>\n",
       "      <td>1.000000</td>\n",
       "      <td>0.222278</td>\n",
       "      <td>0.575448</td>\n",
       "    </tr>\n",
       "    <tr>\n",
       "      <th>RainFall</th>\n",
       "      <td>0.065641</td>\n",
       "      <td>0.077650</td>\n",
       "      <td>0.031076</td>\n",
       "      <td>-0.271083</td>\n",
       "      <td>0.317388</td>\n",
       "      <td>0.196727</td>\n",
       "      <td>0.216211</td>\n",
       "      <td>-0.167884</td>\n",
       "      <td>0.222278</td>\n",
       "      <td>1.000000</td>\n",
       "      <td>0.122049</td>\n",
       "    </tr>\n",
       "    <tr>\n",
       "      <th>DAY</th>\n",
       "      <td>0.037699</td>\n",
       "      <td>0.133094</td>\n",
       "      <td>0.606386</td>\n",
       "      <td>-0.611669</td>\n",
       "      <td>0.610474</td>\n",
       "      <td>-0.359229</td>\n",
       "      <td>0.142311</td>\n",
       "      <td>0.026514</td>\n",
       "      <td>0.575448</td>\n",
       "      <td>0.122049</td>\n",
       "      <td>1.000000</td>\n",
       "    </tr>\n",
       "  </tbody>\n",
       "</table>\n",
       "</div>"
      ],
      "text/plain": [
       "                        PM10     PM2.5       NOx  Tempreture     Humid  \\\n",
       "PM10                1.000000  0.669144  0.034669    0.100145 -0.012992   \n",
       "PM2.5               0.669144  1.000000  0.145682    0.062490  0.214355   \n",
       "NOx                 0.034669  0.145682  1.000000   -0.425972  0.476535   \n",
       "Tempreture          0.100145  0.062490 -0.425972    1.000000 -0.665231   \n",
       "Humid              -0.012992  0.214355  0.476535   -0.665231  1.000000   \n",
       "Wind Speed          0.097991 -0.067703 -0.545342    0.380783 -0.343022   \n",
       "Wind Direction Sin  0.045715  0.044125  0.283055   -0.250068  0.237433   \n",
       "Wind Direction COS -0.129581 -0.140938  0.002157   -0.047656 -0.070909   \n",
       "Pressure           -0.127648 -0.070051  0.454324   -0.947745  0.659342   \n",
       "RainFall            0.065641  0.077650  0.031076   -0.271083  0.317388   \n",
       "DAY                 0.037699  0.133094  0.606386   -0.611669  0.610474   \n",
       "\n",
       "                    Wind Speed  Wind Direction Sin  Wind Direction COS  \\\n",
       "PM10                  0.097991            0.045715           -0.129581   \n",
       "PM2.5                -0.067703            0.044125           -0.140938   \n",
       "NOx                  -0.545342            0.283055            0.002157   \n",
       "Tempreture            0.380783           -0.250068           -0.047656   \n",
       "Humid                -0.343022            0.237433           -0.070909   \n",
       "Wind Speed            1.000000           -0.129674           -0.105281   \n",
       "Wind Direction Sin   -0.129674            1.000000           -0.106147   \n",
       "Wind Direction COS   -0.105281           -0.106147            1.000000   \n",
       "Pressure             -0.401962            0.228468            0.122956   \n",
       "RainFall              0.196727            0.216211           -0.167884   \n",
       "DAY                  -0.359229            0.142311            0.026514   \n",
       "\n",
       "                    Pressure  RainFall       DAY  \n",
       "PM10               -0.127648  0.065641  0.037699  \n",
       "PM2.5              -0.070051  0.077650  0.133094  \n",
       "NOx                 0.454324  0.031076  0.606386  \n",
       "Tempreture         -0.947745 -0.271083 -0.611669  \n",
       "Humid               0.659342  0.317388  0.610474  \n",
       "Wind Speed         -0.401962  0.196727 -0.359229  \n",
       "Wind Direction Sin  0.228468  0.216211  0.142311  \n",
       "Wind Direction COS  0.122956 -0.167884  0.026514  \n",
       "Pressure            1.000000  0.222278  0.575448  \n",
       "RainFall            0.222278  1.000000  0.122049  \n",
       "DAY                 0.575448  0.122049  1.000000  "
      ]
     },
     "execution_count": 41,
     "metadata": {},
     "output_type": "execute_result"
    }
   ],
   "source": [
    "df.corr(method='spearman')"
   ]
  },
  {
   "cell_type": "code",
   "execution_count": null,
   "metadata": {},
   "outputs": [],
   "source": []
  }
 ],
 "metadata": {
  "kernelspec": {
   "display_name": "Python 3",
   "language": "python",
   "name": "python3"
  },
  "language_info": {
   "codemirror_mode": {
    "name": "ipython",
    "version": 3
   },
   "file_extension": ".py",
   "mimetype": "text/x-python",
   "name": "python",
   "nbconvert_exporter": "python",
   "pygments_lexer": "ipython3",
   "version": "3.7.3"
  }
 },
 "nbformat": 4,
 "nbformat_minor": 2
}
